-0 -150 -0 2 3 4 5 6 7 8 9 10 11 12 13
-150 -0 -0 3 13 14
-129 -0 -72 4
-75 -0 -129 5
-0 -0 -150 6 17
75 -0 -129 7
132 -0 -75 8 19
150 -0 -0 9
132 -0 75 10 21
78 -0 132 11
3 -0 150 12
-72 -0 132 13 24
-129 -0 78
-120 30 -0 25 25 15 26
-102 30 -60 16 3 26
-60 30 -102 17 4
-0 30 -120 18 26
60 30 -102 19 6
105 30 -60 20
120 30 -0 21 8 26
105 30 60 22
63 30 105 23 10 26
3 30 120 24 11 26
-57 30 105 25
-102 30 63 13 26
-0 15 -0 21 24 16 18 19
F 0.4 0.4 0.8 0.6 24 25 13 12
F 0.4 0.4 0.8 0.6 24 25 12
F 0.4 0.4 0.8 0.6 24 25 13
F 0.4 0.4 0.8 0.6 25 14 2 13
F 0.4 0.4 0.8 0.6 25 14 13
F 0.4 0.4 0.8 0.6 25 14 2
F 0.4 0.4 0.8 0.6 14 15 2
F 0.4 0.4 0.8 0.6 14 15 3
F 0.4 0.4 0.8 0.6 14 15 3 2
F 0.4 0.4 0.8 0.6 15 16 3
F 0.4 0.4 0.8 0.6 15 16 4
F 0.4 0.4 0.8 0.6 15 16 4 3
F 0.4 0.4 0.8 0.6 16 17 4
F 0.4 0.4 0.8 0.6 16 17 5
F 0.4 0.4 0.8 0.6 16 17 5 4
F 0.4 0.4 0.8 0.6 17 18 5
F 0.4 0.4 0.8 0.6 17 18 6
F 0.4 0.4 0.8 0.6 17 18 6 5
F 0.4 0.4 0.8 0.6 18 19 6
F 0.4 0.4 0.8 0.6 18 19 7
F 0.4 0.4 0.8 0.6 18 19 7 6
F 0.4 0.4 0.8 0.6 19 20 7
F 0.4 0.4 0.8 0.6 19 20 8
F 0.4 0.4 0.8 0.6 19 20 8 7
F 0.4 0.4 0.8 0.6 20 21 8
F 0.4 0.4 0.8 0.6 20 21 9
F 0.4 0.4 0.8 0.6 20 21 9 8
F 0.4 0.4 0.8 0.6 21 22 9
F 0.4 0.4 0.8 0.6 21 22 10
F 0.4 0.4 0.8 0.6 21 22 10 9
F 0.4 0.4 0.8 0.6 22 23 10
F 0.4 0.4 0.8 0.6 22 23 11
F 0.4 0.4 0.8 0.6 22 23 11 10
F 0.4 0.4 0.8 0.6 23 24 11
F 0.4 0.4 0.8 0.6 23 24 12
F 0.4 0.4 0.8 0.6 23 24 12 11
F 0.4 0.4 0.8 0.6 26 23 22
F 0.4 0.4 0.8 0.6 26 22 21
F 0.4 0.4 0.8 0.6 26 21 20
F 0.4 0.4 0.8 0.6 26 20 19
F 0.4 0.4 0.8 0.6 26 19 18
F 0.4 0.4 0.8 0.6 26 18 17
F 0.4 0.4 0.8 0.6 26 17 16
F 0.4 0.4 0.8 0.6 26 16 15
F 0.4 0.4 0.8 0.6 26 15 14
F 0.4 0.4 0.8 0.6 26 14 25
F 0.4 0.4 0.8 0.6 26 25 24
F 0.4 0.4 0.8 0.6 26 24 23
F 0.4 0.4 0.8 0.6 4 5 1
F 0.4 0.4 0.8 0.6 4 3 1
F 0.4 0.4 0.8 0.6 3 2 1
F 0.4 0.4 0.8 0.6 2 13 1
F 0.4 0.4 0.8 0.6 13 12 1
F 0.4 0.4 0.8 0.6 12 11 1
F 0.4 0.4 0.8 0.6 11 10 1
F 0.4 0.4 0.8 0.6 10 9 1
F 0.4 0.4 0.8 0.6 9 8 1
F 0.4 0.4 0.8 0.6 8 7 1
F 0.4 0.4 0.8 0.6 7 6 1
F 0.4 0.4 0.8 0.6 6 5 1
